ARRIVAL_REQUEST_@TIME,SLICE_BW_REQUEST,SLICE_KILL_@TIME
0.011,14.0,5.011
0.079,2.0,9.079
0.101,14.0,7.101
0.123,8.0,11.123
0.158,20.0,2.158
0.242,30.0,12.242
0.287,5.0,3.287
0.339,14.0,4.339
0.457,14.0,10.457
0.533,20.0,9.533
0.611,30.0,11.611
0.635,2.0,8.635
0.877,8.0,7.877
0.909,2.0,6.909
1.089,5.0,6.089
1.12,14.0,7.12
1.249,14.0,4.249
1.303,5.0,4.303
1.62,14.0,5.62
1.661,2.0,13.661
1.729,14.0,5.729
1.753,5.0,5.753
1.763,30.0,14.763
1.777,8.0,15.777
1.796,14.0,9.796
2.021,14.0,6.021
2.085,14.0,10.085
2.293,2.0,9.293
2.323,2.0,10.323
2.356,5.0,3.356
2.484,5.0,2.484
2.635,8.0,13.635
2.662,14.0,7.662
2.76,14.0,7.76
2.771,5.0,4.771
2.888,2.0,12.888
2.958,8.0,19.958
3.077,2.0,15.077
3.244,20.0,15.244
3.255,2.0,11.255
3.271,5.0,8.271
3.295,2.0,17.295
3.492,5.0,5.492
3.539,5.0,6.539
3.542,5.0,6.542
3.561,5.0,7.561
3.649,14.0,8.649
3.668,2.0,17.668
3.698,20.0,12.698
3.73,20.0,5.73
3.813,5.0,4.813
3.875,14.0,5.875
3.884,14.0,7.884
3.969,30.0,12.969
3.996,2.0,11.996
4.019,5.0,6.019
4.031,5.0,6.031
4.112,20.0,10.112
4.217,14.0,6.217
4.251,20.0,16.251
4.566,5.0,8.566
4.586,14.0,4.586
4.628,20.0,10.628
4.67,5.0,7.67
4.95,5.0,5.95
5.213,14.0,12.213
5.255,30.0,15.255
5.272,20.0,11.272
5.364,2.0,16.364
5.376,14.0,7.376
5.434,5.0,5.434
5.57,2.0,15.57
5.705,5.0,7.705
5.742,20.0,13.742
5.788,5.0,8.788
5.927,30.0,16.927
6.088,8.0,18.088
6.117,20.0,8.117
6.222,30.0,17.222
6.242,2.0,12.242
6.252,5.0,7.252
6.369,2.0,14.369
6.374,5.0,7.374
6.396,5.0,8.396
6.501,2.0,14.501
6.586,2.0,18.586
6.599,8.0,11.599
6.603,5.0,10.603
6.696,5.0,9.696
6.765,5.0,7.765
6.85,30.0,8.85
6.874,20.0,11.874
6.954,30.0,9.954
6.967,30.0,15.967
7.025,20.0,11.025
7.044,2.0,16.044
7.107,8.0,14.107
7.15,20.0,11.15
7.151,5.0,9.151
7.179,2.0,17.179
7.179,2.0,18.179
7.185,14.0,14.185
7.222,14.0,16.222
7.237,5.0,10.237
7.294,2.0,19.294
7.299,2.0,18.299
7.315,8.0,22.315
7.328,14.0,12.328
7.394,5.0,9.394
7.51,20.0,15.51
7.544,20.0,18.544
7.594,30.0,15.594
7.626,14.0,13.626
7.679,14.0,11.679
7.697,14.0,10.697
7.72,14.0,9.72
7.786,2.0,23.786
7.788,14.0,11.788
7.839,5.0,10.839
7.956,20.0,17.956
7.998,5.0,8.998
8.004,5.0,11.004
8.143,30.0,21.143
8.293,2.0,14.293
8.309,2.0,22.309
8.422,8.0,19.422
8.502,5.0,15.502
8.513,5.0,12.513
8.513,5.0,11.513
8.528,2.0,24.528
8.567,14.0,15.567
8.643,30.0,16.643
8.657,14.0,11.657
8.779,8.0,19.779
8.795,5.0,12.795
8.81,8.0,14.81
8.834,5.0,9.834
8.841,2.0,14.841
8.862,30.0,17.862
8.866,2.0,15.866
8.933,5.0,12.933
8.946,20.0,15.946
8.987,20.0,13.987
8.988,2.0,19.988
9.099,2.0,22.099
9.254,5.0,14.254
9.278,2.0,20.278
9.35,30.0,17.35
9.428,20.0,19.428
9.534,8.0,23.534
9.647,5.0,11.647
9.678,30.0,17.678
9.687,5.0,13.687
9.708,14.0,20.708
9.794,5.0,10.794
9.806,8.0,18.806
9.938,30.0,19.938
9.948,5.0,10.948
9.962,30.0,18.962
9.967,2.0,20.967
10.022,5.0,11.022
10.032,30.0,24.032
10.17,5.0,17.17
10.184,2.0,28.184
10.23,5.0,14.23
10.276,5.0,17.276
10.281,2.0,19.281
10.289,20.0,19.289
10.358,5.0,13.358
10.373,5.0,12.373
10.376,5.0,12.376
10.484,14.0,15.484
10.505,8.0,19.505
10.67,2.0,24.67
10.744,30.0,23.744
10.849,8.0,17.849
10.936,8.0,19.936
11.133,8.0,19.133
11.144,8.0,17.144
11.285,14.0,13.285
11.296,30.0,21.296
11.312,30.0,16.312
11.544,5.0,14.544
11.67,2.0,25.67
11.752,2.0,21.752
11.755,30.0,15.755
11.757,8.0,25.757
11.984,2.0,21.984
12.046,2.0,25.046
12.108,14.0,16.108
12.224,5.0,16.224
12.276,8.0,27.276
12.288,14.0,16.288
12.304,20.0,19.304
12.333,8.0,24.333
12.411,20.0,22.411
12.414,14.0,17.414
12.656,30.0,18.656
12.681,20.0,28.681
12.784,14.0,16.784
12.806,2.0,23.806
12.817,14.0,16.817
12.854,8.0,23.854
12.873,5.0,16.873
12.921,14.0,17.921
12.966,20.0,22.966
13.028,2.0,24.028
13.041,30.0,22.041
13.098,5.0,14.098
13.186,14.0,20.186
13.22,14.0,17.22
13.257,8.0,27.257
13.319,5.0,17.319
13.358,8.0,27.358
13.376,8.0,20.376
13.539,5.0,15.539
13.594,20.0,20.594
13.699,20.0,20.699
13.716,14.0,16.716
13.739,20.0,27.739
13.799,30.0,25.799
13.808,14.0,19.808
13.825,2.0,28.825
13.928,30.0,20.928
14.112,2.0,22.112
14.171,20.0,20.171
14.198,30.0,23.198
14.313,5.0,15.313
14.353,8.0,26.353
14.429,5.0,14.429
14.481,5.0,19.481
14.498,14.0,16.498
14.556,20.0,21.556
14.614,8.0,26.614
14.624,8.0,24.624
14.627,14.0,17.627
14.629,20.0,25.629
14.689,5.0,21.689
14.698,5.0,17.698
14.779,2.0,24.779
14.826,20.0,18.826
14.887,2.0,30.887
15.061,5.0,18.061
15.138,5.0,17.138
15.179,5.0,22.179
15.232,30.0,22.232
15.246,2.0,28.246
15.258,30.0,25.258
15.279,5.0,16.279
15.293,14.0,20.293
15.322,8.0,20.322
15.36,20.0,25.36
15.382,2.0,24.382
15.383,30.0,22.383
15.412,20.0,20.412
15.645,8.0,23.645
15.659,8.0,23.659
15.674,30.0,24.674
15.684,5.0,18.684
15.685,14.0,22.685
15.72,30.0,20.72
15.724,30.0,26.724
15.754,30.0,23.754
15.767,8.0,27.767
15.916,5.0,16.916
15.948,30.0,24.948
15.997,8.0,24.997
16.066,5.0,22.066
16.127,30.0,25.127
16.19,20.0,19.19
16.404,14.0,20.404
16.408,8.0,30.408
16.414,20.0,22.414
16.459,14.0,20.459
16.481,8.0,32.481
16.493,30.0,25.493
16.77,14.0,21.77
16.874,2.0,22.874
16.924,8.0,28.924
16.932,14.0,19.932
16.951,30.0,24.951
17.004,14.0,19.004
17.043,30.0,27.043
17.043,30.0,27.043
17.079,8.0,27.079
17.099,14.0,18.099
17.101,5.0,18.101
17.162,14.0,23.162
17.275,14.0,20.275
17.325,2.0,24.325
17.386,2.0,27.386
17.495,5.0,18.495
17.626,8.0,30.626
17.659,8.0,21.659
17.692,20.0,29.692
17.796,14.0,18.796
17.91,30.0,25.91
17.943,20.0,27.943
17.967,8.0,30.967
17.997,5.0,19.997
18.093,30.0,26.093
18.1,8.0,25.1
18.153,5.0,22.153
18.162,14.0,22.162
18.18,5.0,19.18
18.2,8.0,31.2
18.204,20.0,31.204
18.359,2.0,23.359
18.478,5.0,18.478
18.523,2.0,24.523
18.59,30.0,24.59
18.65,8.0,25.65
18.88,14.0,25.88
18.941,5.0,21.941
18.96,2.0,34.96
18.987,2.0,25.987
18.992,30.0,27.992
19.123,20.0,26.123
19.132,5.0,21.132
19.154,20.0,26.154
19.199,8.0,29.199
19.351,8.0,31.351
19.351,2.0,32.351
19.463,14.0,28.463
19.475,5.0,22.475
19.499,8.0,25.499
19.561,30.0,25.561
19.592,2.0,30.592
19.731,20.0,24.731
19.901,30.0,28.901
19.903,2.0,27.903
19.926,30.0,26.926
19.95,20.0,24.95
20.044,5.0,23.044
20.096,5.0,23.096
20.173,2.0,30.173
20.208,2.0,25.208
20.318,30.0,25.318
20.345,30.0,28.345
20.545,2.0,29.545
20.549,8.0,28.549
20.576,5.0,23.576
21.021,5.0,23.021
21.103,20.0,27.103
21.305,2.0,25.305
21.341,5.0,23.341
21.344,8.0,30.344
21.373,5.0,25.373
21.418,14.0,25.418
21.478,14.0,27.478
21.497,14.0,22.497
21.52,30.0,29.52
21.531,20.0,31.531
21.6,20.0,32.6
21.615,5.0,22.615
21.868,5.0,25.868
21.87,8.0,34.87
21.882,5.0,25.882
21.97,5.0,26.97
22.138,2.0,32.138
22.139,5.0,23.139
22.217,14.0,24.217
22.288,5.0,29.288
22.524,20.0,27.524
22.535,5.0,28.535
22.541,5.0,26.541
22.567,2.0,27.567
22.594,14.0,28.594
22.638,14.0,25.638
22.659,30.0,31.659
22.67,14.0,22.67
22.879,2.0,34.879
22.915,8.0,33.915
23.001,5.0,24.001
23.106,14.0,25.106
23.187,30.0,30.187
23.271,5.0,25.271
23.306,5.0,27.306
23.306,5.0,24.306
23.409,30.0,32.409
23.448,8.0,39.448
23.524,2.0,36.524
23.618,2.0,41.618
23.622,5.0,28.622
23.658,5.0,26.658
23.668,8.0,31.668
23.74,20.0,35.74
23.762,14.0,26.762
23.835,2.0,35.835
23.839,8.0,40.839
23.849,20.0,33.849
23.861,14.0,30.861
23.864,8.0,29.864
23.873,2.0,28.873
23.995,20.0,27.995
24.068,20.0,35.068
24.118,2.0,38.118
24.144,30.0,35.144
24.426,30.0,37.426
24.497,20.0,35.497
24.682,20.0,36.682
24.696,30.0,34.696
24.718,30.0,36.718
24.788,2.0,32.788
24.814,5.0,26.814
24.86,14.0,28.86
24.908,30.0,32.908
24.987,2.0,34.987
24.992,20.0,30.992
25.013,14.0,30.013
25.199,14.0,35.199
25.222,5.0,27.222
25.249,8.0,29.249
25.301,30.0,35.301
25.351,14.0,30.351
25.361,20.0,28.361
25.423,5.0,26.423
25.493,14.0,28.493
25.56,14.0,27.56
25.566,20.0,34.566
25.607,20.0,32.607
25.632,2.0,34.632
25.682,8.0,36.682
25.703,20.0,28.703
25.716,5.0,27.716
25.737,2.0,32.737
25.813,5.0,26.813
25.857,30.0,35.857
25.944,5.0,30.944
25.988,5.0,30.988
26.004,5.0,28.004
26.026,20.0,37.026
26.039,20.0,30.039
26.084,2.0,35.084
26.103,14.0,34.103
26.145,5.0,31.145
26.173,14.0,32.173
26.177,2.0,36.177
26.274,5.0,29.274
26.281,30.0,35.281
26.305,2.0,34.305
26.322,30.0,34.322
26.325,8.0,36.325
26.332,20.0,40.332
26.392,5.0,29.392
26.52,30.0,31.52
26.617,14.0,28.617
26.622,14.0,31.622
26.649,2.0,37.649
26.654,5.0,30.654
26.673,20.0,36.673
26.699,14.0,27.699
26.761,14.0,35.761
26.783,2.0,33.783
26.79,14.0,28.79
26.817,5.0,31.817
27.025,5.0,29.025
27.053,14.0,32.053
27.1,5.0,28.1
27.253,2.0,37.253
27.312,2.0,38.312
27.35,5.0,32.35
27.384,2.0,34.384
27.425,20.0,40.425
27.479,8.0,35.479
27.547,30.0,37.547
27.588,14.0,32.588
27.603,8.0,36.603
27.617,8.0,28.617
27.621,14.0,35.621
27.756,30.0,34.756
27.839,8.0,35.839
27.868,8.0,32.868
27.964,5.0,31.964
28.027,14.0,32.027
28.055,5.0,31.055
28.115,5.0,31.115
28.116,5.0,32.116
28.257,5.0,29.257
28.337,14.0,39.337
28.35,2.0,35.35
28.49,8.0,39.49
28.504,5.0,30.504
28.512,20.0,37.512
28.515,5.0,33.515
28.564,5.0,30.564
28.581,5.0,31.581
28.591,5.0,31.591
28.642,14.0,33.642
28.655,8.0,35.655
28.68,30.0,38.68
28.705,14.0,31.705
28.932,8.0,33.932
28.936,5.0,33.936
28.963,30.0,43.963
29.077,2.0,34.077
29.091,8.0,44.091
29.092,14.0,34.092
29.143,5.0,33.143
29.186,5.0,33.186
29.189,20.0,41.189
29.192,8.0,43.192
29.304,5.0,35.304
29.336,8.0,44.336
29.409,2.0,33.409
29.628,14.0,33.628
29.713,8.0,35.713
29.729,2.0,40.729
29.75,14.0,33.75
29.943,2.0,43.943
29.991,5.0,36.991
30.056,2.0,38.056
30.07,2.0,46.07
30.178,14.0,38.178
30.204,2.0,37.204
30.212,2.0,37.212
30.263,2.0,44.263
30.285,14.0,37.285
30.311,5.0,32.311
30.349,5.0,33.349
30.415,5.0,33.415
30.491,30.0,35.491
30.507,5.0,32.507
30.513,8.0,36.513
30.526,14.0,35.526
30.583,5.0,33.583
30.602,30.0,38.602
30.625,14.0,34.625
30.638,30.0,36.638
30.799,2.0,41.799
30.919,8.0,37.919
30.926,30.0,40.926
30.929,2.0,45.929
30.932,14.0,34.932
30.961,2.0,34.961
31.019,8.0,43.019
31.1,8.0,44.1
31.129,30.0,39.129
31.22,2.0,45.22
31.299,20.0,33.299
31.349,20.0,37.349
31.404,30.0,40.404
31.435,8.0,39.435
31.536,2.0,37.536
31.561,20.0,37.561
31.604,20.0,37.604
31.784,5.0,35.784
31.8,20.0,40.8
31.801,14.0,36.801
31.823,5.0,36.823
31.871,5.0,35.871
31.956,14.0,35.956
31.966,2.0,38.966
31.991,8.0,38.991
32.04,5.0,36.04
32.045,2.0,41.045
32.142,14.0,44.142
32.224,8.0,40.224
32.323,2.0,42.323
32.325,20.0,47.325
32.573,2.0,42.573
32.584,20.0,44.584
32.632,5.0,35.632
32.679,30.0,43.679
32.689,8.0,41.689
32.74,14.0,37.74
33.017,14.0,37.017
33.022,30.0,40.022
33.116,20.0,42.116
33.206,5.0,34.206
33.231,8.0,44.231
33.263,5.0,38.263
33.273,5.0,36.273
33.321,8.0,42.321
33.397,20.0,42.397
33.45,5.0,38.45
33.532,8.0,41.532
33.745,20.0,48.745
33.812,5.0,35.812
33.817,14.0,34.817
33.839,2.0,43.839
33.934,14.0,37.934
33.936,8.0,44.936
34.054,2.0,46.054
34.065,8.0,40.065
34.103,2.0,44.103
34.199,5.0,37.199
34.207,8.0,46.207
34.222,5.0,36.222
34.263,2.0,47.263
34.399,5.0,36.399
34.406,30.0,39.406
34.578,8.0,51.578
34.666,30.0,47.666
34.783,2.0,43.783
34.804,14.0,37.804
34.935,8.0,42.935
34.935,2.0,41.935
34.954,30.0,40.954
34.966,14.0,37.966
35.015,5.0,37.015
35.112,14.0,42.112
35.193,20.0,41.193
35.219,30.0,44.219
35.247,20.0,41.247
35.248,5.0,40.248
35.299,8.0,44.299
35.308,8.0,44.308
35.311,8.0,48.311
35.394,30.0,48.394
35.646,14.0,43.646
35.823,14.0,41.823
35.838,2.0,46.838
35.839,30.0,40.839
35.929,2.0,41.929
36.007,2.0,49.007
36.021,30.0,41.021
36.274,2.0,44.274
36.369,5.0,38.369
36.411,8.0,49.411
36.468,30.0,47.468
36.519,8.0,50.519
36.556,8.0,46.556
36.58,5.0,39.58
36.697,20.0,46.697
36.737,20.0,44.737
36.738,30.0,41.738
36.827,14.0,43.827
36.836,30.0,46.836
36.846,2.0,48.846
36.861,5.0,39.861
36.88,8.0,45.88
36.91,5.0,42.91
36.963,8.0,50.963
36.984,2.0,46.984
36.988,5.0,39.988
37.086,5.0,39.086
37.109,20.0,46.109
37.369,5.0,38.369
37.408,2.0,52.408
37.417,20.0,47.417
37.587,20.0,45.587
37.631,14.0,43.631
37.676,5.0,38.676
37.677,14.0,41.677
37.782,14.0,43.782
37.969,14.0,42.969
37.983,2.0,47.983
38.084,14.0,40.084
38.085,20.0,43.085
38.121,5.0,41.121
38.323,20.0,46.323
38.383,5.0,40.383
38.424,30.0,45.424
38.544,5.0,45.544
38.63,5.0,41.63
38.724,8.0,46.724
38.733,30.0,46.733
38.821,14.0,46.821
38.847,20.0,43.847
38.85,14.0,41.85
38.858,20.0,44.858
38.902,14.0,42.902
38.925,30.0,48.925
38.937,5.0,38.937
38.96,5.0,39.96
39.048,30.0,47.048
39.1,30.0,42.1
39.101,20.0,45.101
39.186,8.0,48.186
39.289,8.0,51.289
39.34,14.0,42.34
39.345,30.0,44.345
39.405,30.0,46.405
39.424,20.0,43.424
39.447,14.0,47.447
39.72,5.0,39.72
39.87,30.0,49.87
40.037,5.0,43.037
40.051,8.0,48.051
40.092,8.0,49.092
40.125,8.0,49.125
40.157,8.0,49.157
40.299,5.0,45.299
40.32,5.0,41.32
40.451,2.0,52.451
40.524,14.0,44.524
40.557,2.0,52.557
40.599,30.0,46.599
40.616,8.0,52.616
40.697,8.0,55.697
40.766,2.0,50.766
40.856,14.0,40.856
40.907,30.0,46.907
40.933,2.0,50.933
40.947,30.0,49.947
40.957,2.0,50.957
41.046,20.0,48.046
41.112,20.0,52.112
41.163,8.0,56.163
41.187,2.0,53.187
41.386,5.0,46.386
41.413,8.0,53.413
41.482,14.0,46.482
41.517,20.0,48.517
41.547,8.0,50.547
41.625,5.0,44.625
41.638,14.0,44.638
41.725,5.0,45.725
41.744,8.0,48.744
41.856,5.0,45.856
41.878,2.0,47.878
41.907,2.0,51.907
41.919,14.0,44.919
42.038,20.0,48.038
42.092,8.0,53.092
42.138,5.0,43.138
42.294,2.0,50.294
42.367,14.0,47.367
42.372,20.0,50.372
42.475,2.0,52.475
42.524,8.0,50.524
42.672,20.0,51.672
42.703,14.0,44.703
42.8,20.0,54.8
42.874,8.0,50.874
42.894,2.0,53.894
43.028,14.0,46.028
43.043,20.0,53.043
43.093,30.0,50.093
43.315,5.0,48.315
43.424,2.0,52.424
43.555,5.0,44.555
43.579,20.0,49.579
43.657,8.0,51.657
43.729,8.0,51.729
43.848,5.0,45.848
43.893,8.0,48.893
44.109,5.0,48.109
44.154,8.0,55.154
44.204,14.0,50.204
44.207,30.0,52.207
44.243,5.0,46.243
44.257,8.0,53.257
44.371,20.0,54.371
44.385,8.0,52.385
44.414,14.0,48.414
44.423,14.0,50.423
44.429,8.0,47.429
44.517,5.0,47.517
44.531,2.0,52.531
44.534,14.0,46.534
44.694,14.0,47.694
44.782,2.0,50.782
44.874,20.0,52.874
44.91,2.0,50.91
44.969,8.0,54.969
44.988,8.0,51.988
45.065,20.0,51.065
45.071,8.0,52.071
45.114,5.0,46.114
45.123,2.0,55.123
45.133,14.0,46.133
45.153,5.0,46.153
45.285,8.0,62.285
45.394,2.0,53.394
45.413,2.0,50.413
45.473,2.0,55.473
45.572,14.0,55.572
45.616,5.0,47.616
45.635,2.0,56.635
45.653,8.0,59.653
45.743,20.0,53.743
45.837,30.0,51.837
45.871,5.0,47.871
45.949,14.0,49.949
45.969,5.0,50.969
45.992,2.0,54.992
46.0,30.0,52.0
46.031,20.0,50.031
46.04,14.0,49.04
46.084,14.0,53.084
46.12,5.0,47.12
46.149,20.0,55.149
46.177,8.0,53.177
46.189,14.0,51.189
46.231,8.0,51.231
46.321,5.0,49.321
46.329,14.0,49.329
46.346,14.0,47.346
46.372,8.0,55.372
46.501,5.0,49.501
46.674,20.0,54.674
46.746,14.0,51.746
46.84,8.0,52.84
46.874,5.0,47.874
46.902,14.0,49.902
46.946,14.0,51.946
47.014,5.0,51.014
47.025,14.0,52.025
47.071,14.0,50.071
47.101,5.0,51.101
47.182,14.0,58.182
47.26,14.0,51.26
47.264,20.0,56.264
47.31,30.0,56.31
47.311,5.0,50.311
47.425,14.0,51.425
47.445,2.0,58.445
47.447,8.0,60.447
47.479,20.0,55.479
47.542,30.0,54.542
47.542,30.0,54.542
47.55,5.0,50.55
47.552,14.0,50.552
47.623,2.0,55.623
47.628,20.0,54.628
47.654,8.0,57.654
47.708,14.0,51.708
47.757,14.0,52.757
47.775,2.0,57.775
47.784,5.0,53.784
47.849,8.0,59.849
47.94,5.0,50.94
48.118,2.0,64.118
48.126,2.0,61.126
48.141,5.0,52.141
48.144,8.0,58.144
48.218,14.0,54.218
48.251,8.0,64.251
48.284,8.0,61.284
48.343,20.0,57.343
48.372,20.0,58.372
48.418,2.0,60.418
48.509,20.0,57.509
48.664,14.0,58.664
48.756,5.0,52.756
48.838,2.0,58.838
48.856,30.0,54.856
48.902,5.0,50.902
49.029,2.0,61.029
49.101,20.0,56.101
49.133,30.0,55.133
49.144,2.0,59.144
49.341,5.0,50.341
49.421,8.0,58.421
49.428,30.0,55.428
49.517,5.0,51.517
49.553,14.0,56.553
49.782,8.0,54.782
49.859,8.0,58.859
49.959,8.0,54.959
49.993,2.0,61.993
50.132,20.0,55.132
50.325,2.0,57.325
50.426,5.0,55.426
50.465,5.0,52.465
50.468,30.0,58.468
50.53,5.0,53.53
50.743,5.0,51.743
50.798,8.0,63.798
50.844,2.0,55.844
50.845,8.0,64.845
50.876,30.0,56.876
51.051,14.0,53.051
51.073,8.0,57.073
51.151,14.0,57.151
51.183,2.0,58.183
51.266,14.0,55.266
51.305,14.0,59.305
51.313,8.0,60.313
51.314,2.0,55.314
51.316,2.0,60.316
51.414,20.0,61.414
51.491,2.0,59.491
51.495,2.0,59.495
51.589,20.0,58.589
51.625,2.0,64.625
51.69,20.0,57.69
51.718,2.0,61.718
51.73,8.0,61.73
51.755,2.0,63.755
51.767,30.0,62.767
51.795,2.0,58.795
51.917,2.0,58.917
51.943,14.0,57.943
51.989,5.0,54.989
52.046,14.0,60.046
52.056,5.0,58.056
52.161,5.0,53.161
52.188,2.0,62.188
52.347,20.0,57.347
52.418,14.0,57.418
52.476,14.0,55.476
52.507,8.0,64.507
52.527,30.0,62.527
52.702,2.0,60.702
52.764,2.0,68.764
52.789,5.0,55.789
52.791,2.0,64.791
52.825,2.0,66.825
52.844,2.0,64.844
52.863,8.0,63.863
52.87,5.0,56.87
52.916,30.0,57.916
53.163,5.0,56.163
53.24,20.0,58.24
53.252,5.0,56.252
53.304,30.0,61.304
53.306,14.0,55.306
53.343,20.0,61.343
53.368,14.0,58.368
53.459,20.0,62.459
53.48,30.0,64.48
53.533,8.0,66.533
53.615,5.0,55.615
53.709,5.0,55.709
53.744,2.0,60.744
53.789,8.0,63.789
53.975,8.0,68.975
53.994,5.0,56.994
54.136,20.0,58.136
54.149,5.0,56.149
54.23,20.0,59.23
54.238,14.0,56.238
54.309,5.0,62.309
54.356,14.0,62.356
54.356,14.0,62.356
54.361,5.0,61.361
54.575,2.0,61.575
54.604,2.0,64.604
54.616,5.0,55.616
54.649,2.0,64.649
54.682,5.0,57.682
54.729,14.0,59.729
54.75,20.0,56.75
54.788,14.0,56.788
54.797,2.0,64.797
54.812,2.0,64.812
54.82,5.0,59.82
54.824,5.0,60.824
54.835,30.0,68.835
54.949,5.0,57.949
54.998,5.0,55.998
55.044,20.0,68.044
55.122,5.0,57.122
55.137,14.0,59.137
55.219,8.0,66.219
55.271,20.0,62.271
55.293,14.0,64.293
55.372,5.0,55.372
55.619,8.0,59.619
55.674,14.0,61.674
55.709,8.0,66.709
55.713,30.0,65.713
55.896,2.0,64.896
55.931,14.0,61.931
55.995,30.0,64.995
56.004,20.0,63.004
56.158,5.0,59.158
56.163,8.0,63.163
56.261,2.0,63.261
56.268,5.0,56.268
56.461,14.0,59.461
56.555,14.0,60.555
56.569,14.0,66.569
56.58,2.0,68.58
56.605,14.0,58.605
56.647,8.0,61.647
56.809,14.0,60.809
56.864,14.0,58.864
56.873,14.0,62.873
56.917,14.0,64.917
56.924,8.0,62.924
56.977,8.0,65.977
56.995,14.0,62.995
57.019,20.0,66.019
57.15,14.0,62.15
57.341,2.0,72.341
57.372,8.0,66.372
57.385,5.0,58.385
57.455,30.0,66.455
57.622,2.0,62.622
57.669,14.0,61.669
57.682,2.0,69.682
57.78,14.0,57.78
57.8,2.0,70.8
57.882,14.0,65.882
57.882,30.0,69.882
57.895,30.0,67.895
58.103,2.0,64.103
58.434,30.0,69.434
58.49,2.0,75.49
58.493,2.0,71.493
58.601,5.0,61.601
58.629,14.0,65.629
58.679,8.0,69.679
58.774,5.0,59.774
58.808,5.0,66.808
58.83,14.0,61.83
