ARRIVAL_REQUEST_@TIME,SLICE_MEC_CPU_REQUEST,SLICE_MEC_RAM_REQUEST,SLICE_MEC_STORAGE_REQUEST,SLICE_MEC_BW_REQUEST,SLICE_KILL_@TIME
0.021,4.0,8.0,32.0,20.0,6.021
0.198,2.0,4.0,8.0,5.0,3.198
0.309,1.0,2.0,5.0,2.0,8.309
0.326,1.0,2.0,5.0,2.0,9.326
0.33,4.0,8.0,20.0,14.0,5.33
0.351,2.0,4.0,10.0,8.0,8.351
0.374,2.0,4.0,8.0,5.0,2.374
0.386,1.0,2.0,5.0,2.0,12.386
0.399,2.0,4.0,8.0,5.0,4.399
0.407,1.0,2.0,5.0,2.0,8.407
0.436,2.0,4.0,8.0,5.0,6.436
0.568,4.0,8.0,32.0,20.0,4.568
0.685,6.0,12.0,64.0,30.0,13.685
0.726,1.0,2.0,5.0,2.0,10.726
0.807,2.0,4.0,8.0,5.0,2.807
0.846,1.0,2.0,5.0,2.0,12.846
0.881,1.0,2.0,5.0,2.0,8.881
0.998,6.0,12.0,64.0,30.0,6.998
1.008,4.0,8.0,32.0,20.0,5.008
1.081,2.0,4.0,10.0,8.0,9.081
1.1,2.0,4.0,8.0,5.0,5.1
1.197,2.0,4.0,8.0,5.0,3.197
1.199,1.0,2.0,5.0,2.0,11.199
1.21,4.0,8.0,20.0,14.0,12.21
1.285,4.0,8.0,20.0,14.0,8.285
1.305,1.0,2.0,5.0,2.0,11.305
1.346,2.0,4.0,8.0,5.0,3.346
1.402,2.0,4.0,8.0,5.0,3.402
1.433,2.0,4.0,10.0,8.0,13.433
1.46,4.0,8.0,20.0,14.0,7.46
1.542,2.0,4.0,8.0,5.0,1.542
1.545,2.0,4.0,10.0,8.0,11.545
1.561,4.0,8.0,32.0,20.0,13.561
1.561,1.0,2.0,5.0,2.0,13.561
1.617,1.0,2.0,5.0,2.0,6.617
1.681,6.0,12.0,64.0,30.0,7.681
1.753,4.0,8.0,20.0,14.0,6.753
1.78,4.0,8.0,32.0,20.0,8.78
1.796,4.0,8.0,20.0,14.0,8.796
1.816,2.0,4.0,10.0,8.0,7.816
1.901,2.0,4.0,10.0,8.0,11.901
1.982,2.0,4.0,10.0,8.0,12.982
2.068,2.0,4.0,8.0,5.0,4.068
2.126,2.0,4.0,8.0,5.0,3.126
2.147,2.0,4.0,8.0,5.0,6.147
2.419,2.0,4.0,8.0,5.0,3.419
2.449,6.0,12.0,64.0,30.0,16.449
2.48,2.0,4.0,8.0,5.0,5.48
2.526,6.0,12.0,64.0,30.0,11.526
2.653,4.0,8.0,20.0,14.0,11.653
2.662,6.0,12.0,64.0,30.0,14.662
2.763,1.0,2.0,5.0,2.0,10.763
3.025,2.0,4.0,8.0,5.0,3.025
3.051,2.0,4.0,10.0,8.0,17.051
3.059,6.0,12.0,64.0,30.0,13.059
3.225,4.0,8.0,20.0,14.0,7.225
3.265,2.0,4.0,8.0,5.0,10.265
3.276,4.0,8.0,32.0,20.0,11.276
3.284,1.0,2.0,5.0,2.0,10.284
3.286,4.0,8.0,20.0,14.0,5.286
3.365,4.0,8.0,20.0,14.0,8.365
3.438,2.0,4.0,10.0,8.0,16.438
3.471,4.0,8.0,32.0,20.0,15.471
3.487,1.0,2.0,5.0,2.0,13.487
3.588,2.0,4.0,8.0,5.0,4.588
3.597,6.0,12.0,64.0,30.0,14.597
3.713,2.0,4.0,10.0,8.0,13.713
3.855,4.0,8.0,20.0,14.0,8.855
4.046,2.0,4.0,8.0,5.0,8.046
4.137,1.0,2.0,5.0,2.0,17.137
4.164,2.0,4.0,8.0,5.0,6.164
4.276,2.0,4.0,10.0,8.0,14.276
4.309,1.0,2.0,5.0,2.0,14.309
4.316,4.0,8.0,20.0,14.0,9.316
4.363,4.0,8.0,32.0,20.0,8.363
4.378,2.0,4.0,10.0,8.0,14.378
4.471,4.0,8.0,32.0,20.0,14.471
4.596,2.0,4.0,10.0,8.0,9.596
4.821,2.0,4.0,8.0,5.0,10.821
4.822,1.0,2.0,5.0,2.0,12.822
5.008,1.0,2.0,5.0,2.0,11.008
5.089,6.0,12.0,64.0,30.0,15.089
5.11,6.0,12.0,64.0,30.0,11.11
5.157,4.0,8.0,32.0,20.0,13.157
5.165,2.0,4.0,8.0,5.0,6.165
5.294,2.0,4.0,8.0,5.0,11.294
5.412,4.0,8.0,20.0,14.0,9.412
5.417,2.0,4.0,10.0,8.0,16.417
5.454,2.0,4.0,10.0,8.0,20.454
5.567,2.0,4.0,10.0,8.0,19.567
5.574,4.0,8.0,20.0,14.0,7.574
5.575,1.0,2.0,5.0,2.0,15.575
5.576,4.0,8.0,32.0,20.0,13.576
5.618,4.0,8.0,32.0,20.0,17.618
5.624,4.0,8.0,20.0,14.0,8.624
5.775,2.0,4.0,8.0,5.0,8.775
5.815,2.0,4.0,8.0,5.0,12.815
5.961,1.0,2.0,5.0,2.0,17.961
5.991,2.0,4.0,8.0,5.0,7.991
6.1,1.0,2.0,5.0,2.0,17.1
